3.643531556909819	9.491572134512255
7.287063113819638	13.423110040869775
10.930594670729457	16.4398851806802
14.574126227639276	18.98314426902451
18.217657784549097	21.223800506112177
21.861189341458914	23.249508586374404
25.50472089840579	25.112339418949926
29.148252455278552	26.84622008173955
32.79178401218837	28.47471640353676
36.435315569098194	30.014986520844797
40.078847126082124	31.479983440769857
43.72237868291783	32.8797703613604
47.36591023975354	34.22235001574912
51.00944179681158	35.51421098919548
54.652973353573174	36.76070080629234
58.296504910557104	37.96628853804902
61.940036467392815	39.134754463763294
65.58356802437675	40.269330122609325
69.22709958136068	41.37280374966556
72.87063113819639	42.447601012224354
76.51416269503208	43.49584777053599
80.15769425216425	44.519419525217174
83.80122580885173	45.51998084849046
87.44475736583566	46.49901717274881
91.08828892267137	47.45786067256126
94.73182047950708	48.3977115285515
98.37535203649101	49.31965554204061
102.01888359362316	50.224678837899866
105.66241515075531	51.11368022315392
109.3059467074428	51.9874816425982
112.94947826383383	52.8468370777678
116.59300982111421	53.6924401634791
120.23654137809814	54.52493074084031
123.88007293478563	55.34490052279508
127.52360449176956	56.15289801481962
131.1671360487535	56.94943280707352
134.81066760544095	57.73497933343382
138.45419916272135	58.50998017617747
142.09773071940884	59.274848981683036
145.74126227639277	60.029973041689594
149.3847938333767	60.775715585837645
153.02832539006417	61.51241782400752
156.6718569470481	62.240400771042026
160.3153885043285	62.959966881539714
163.95892006101596	63.67140151833653
167.6024516179999	64.37497427489876
171.24598317498382	65.07094016900729
174.8895147316713	65.75954072272081
178.5330462883588	66.44100494158577
182.17657784534273	67.11555020434886
185.82010940232666	67.78338307297095
189.46364095901416	68.44470003149824
193.1071725159981	69.09968816128206
196.75070407298202	69.7485257591232
200.39423562996595	70.39138290412913
204.03776718724632	71.02842197839097
207.68129874363734	71.6597981459969
211.32483030151062	72.28565979438572
214.9683618576052	72.90614894159697
218.6118934148856	73.52140161258468
222.25542497157306	74.13154818741896
225.89895652826056	74.73671372390058
229.54248808554095	75.3370182568498
233.18601964222842	75.93257707609804
236.8295511995088	76.52350098500602
240.47308275560337	77.10989654115006
244.11661431347667	77.6918662806572
247.76014586957126	78.26950892752659
251.40367742744453	78.84291958914774
255.04720898353912	79.41218993911114
258.69074054141237	79.97740838830747
262.334272097507	80.53866024521865
265.9778036541945	81.09602786622419
269.6213352108819	81.64959079667247
273.26486676816234	82.199425903401
276.9083983254427	82.74560749933111
280.5519298821302	83.28820746070845
284.19546143941056	83.82729533751316
287.83899299609806	84.36293845752003
291.48252455278555	84.89520202444871
295.126056109473	85.42414921061028
298.7695876667534	85.9498412444215
302.41311922344084	86.47233749313077
306.05665078012834	86.99169554107198
309.7001823374087	87.50797126373806
313.3437138940962	88.02121889794445
316.9872454513766	88.53149110833108
320.630777008657	89.03883905043435
324.27430856475155	89.54331243054281
327.9178401220319	90.04495956253439
331.5613716787194	90.54382742187953
335.2049032359998	91.03996169698092
338.84843479268727	91.5334068380086
342.49196634996764	92.02420610337833
346.13549790606226	92.51240160401039
349.7790294633426	92.99803434549762
353.422561020623	93.48114426830152
357.0660925767176	93.96177028608845
360.709624133998	94.43995032230958
364.35315569068547	94.91572134512252
367.99668724796584	95.38911940074507
371.64021880465333	95.86017964532638
375.2837503619337	96.32893637541576
378.9272819180283	96.795423057103
382.57081347590156	97.25967235390111
386.2143450319962	97.72171615343667
389.85787658927654	98.18158559300976
393.50140814596404	98.63931108408121
397.1449397032444	99.09492233574227
400.7884712599319	99.54844837721706
404.43200281721226	99.99991757944647
408.07553437449263	100.44935767579973
411.7190659305872	100.89679578195431
415.3625974872747	101.34225841498719
419.006129045148	101.78577151171321
422.64966060302123	102.22736044630784
426.29319215852297	102.66705004724736
429.9367237152104	103.10486461359928
433.5802552730837	103.54082793069259
437.2237868297712	103.9749632851964
440.8673183864587	104.40729347963479
444.5108499431461	104.83784084636251
448.1543814998336	105.26662726102651
451.7979130565211	105.6936741555356
455.4414446143944	106.11900253056089
459.0849761710819	106.54263296758646
462.72850772895515	106.96458564053098
466.37203928445683	107.3848803269582
470.01557084233013	107.8035364188939
473.6591023990176	108.22057293326641
477.30263395570506	108.63600852198631
480.94616551120674	109.04986148168062
484.58969706908005	109.46214976309565
488.23322862695335	109.87289098018235
491.87676018245503	110.28210241887702
495.5202917391425	110.68980104559016
499.16382329582996	111.09600351541447
502.80735485488907	111.50072618006408
506.45088641039075	111.90398509555537
510.09441796707824	112.30579602963924
513.7379495249515	112.7061744689952
517.3814810804532	113.10513562619616
521.0250126383264	113.50269444645302
524.668544195014	113.89886561414704
528.3120757528873	114.29366355915876
531.955607308389	114.6871024630007
535.5991388662621	115.0791962647614
539.2426704217638	115.46995866686764
542.886201980823	115.85940314067209
546.5297335363247	116.24754293187199
550.1732650941979	116.63439106576618
553.8167966508854	117.01996035235494
557.4603282063871	117.40426339128989
561.1038597642604	117.7873125766779
564.7473913209478	118.1691201017452
568.3909228788211	118.54969796336607
572.0344544343228	118.92905796646153
575.6779859921961	119.30721172827157
579.3215175488835	119.68417068250618
582.9650491055711	120.05994608337919
586.6085806622585	120.4345490095287
590.252112218946	120.80799036782797
593.8956437780051	121.18028089709098
597.5391753335068	121.55143117167529
601.18270689138	121.92145160498694
604.8262384468817	122.29035245288901
608.4697700035692	122.65814381701878
612.1133015602567	123.02483564801504
615.7568331169442	123.39043774865931
619.4003646748174	123.75495977693343
623.0438962303192	124.11841124899668
626.6874277881924	124.48080154208405
630.3309593460657	124.84213989732936
633.9744909027532	125.2024354225149
637.6180224594407	125.56169709474963
641.261554017314	125.91993376307943
644.9050855740014	126.27715415102986
648.5486171295031	126.63336685908502
652.1921486861906	126.98858036710331
655.8356802440638	127.34280303667306
659.4792118019371	127.6960431134088
663.1227433574388	128.048308729191
666.7662749141264	128.39960790435015
670.4098064719996	128.74994854979752
674.0533380286871	129.09933846910354
677.6968695853745	129.44778536052598
681.3404011432478	129.79529681898902
684.9839326999353	130.14188033801457
688.6274642566228	130.48754331160794
692.2709958121245	130.83229303609795
695.9145273711836	131.1761367119342
699.5580589266852	131.51908144544163
703.2015904833728	131.86113425053398
706.845122041246	132.20230205038789
710.4886535979335	132.54259167907745
714.1321851534352	132.88200988317155
717.7757167113085	133.2205633232946
721.419248267996	133.55825857565154
725.0627798258693	133.89510213351812
728.7063113813709	134.23110040869773
732.3498429380584	134.5662597329455
735.9933744959317	134.90058635936023
739.6369060526191	135.23408646374568
743.2804376093067	135.5667661459419
746.92396916718	135.89863143112643
750.5675007226816	136.22968827108795
754.2110322805548	136.55994254547136
757.8545638384281	136.8894000629965
761.4980953951157	137.21806656264965
765.1416269518031	137.5459477148505
768.7851585084907	137.87304912259336
772.4286900639923	138.19937632256406
776.0722216218655	138.52493478623387
779.7157531785531	138.8497299209292
783.3592847364264	139.17376707088027
787.0028162919281	139.4970515182464
790.6463478486155	139.819588484121
794.2898794064888	140.14138312951528
797.9334109643621	140.46244055632178
801.5769425210495	140.78276580825826
805.220474077737	141.1023638717918
808.8640056332387	141.4212396770449
812.507537191112	141.73939809868264
816.1510687489853	142.0568439567819
819.7946003033012	142.37358201768382
823.4381318611744	142.68961699482824
827.0816634202336	143.00495354957263
830.725194976921	143.3195962919938
834.36872653598	143.6335497816744
838.012258090296	143.94681852847384
841.6557896469834	144.25940699328427
845.299321203671	144.5713195887714
848.9428527603584	144.88256068010162
852.5863843170459	145.1931345856545
856.2299158737334	145.5030455777219
859.8734474304208	145.81229788319393
863.5169789871084	146.12089568423104
867.1605105461674	146.4288431189244
870.8040421004833	146.7361442819431
874.4475736595424	147.04280322516937
878.0911052162298	147.34882395832182
881.7346367729174	147.65421044956753
885.3781683296048	147.9589666261218
889.0216998862923	148.26309637483791
892.6652314406082	148.56660354278523
896.3087629996672	148.86949193781703
899.9522945539832	149.17176532912796
903.5958261130422	149.47342744780116
907.2393576697298	149.77448198734564
910.8828892287888	150.074932604224
914.5264207878479	150.3747829183704
918.1699523421638	150.6740365136996
921.8134838988512	150.97269693860653
925.4570154579103	151.2707677064573
929.1005470122262	151.56825229607162
932.7440785689137	151.86515415219608
936.3876101279727	152.16147668596977
940.0311416822886	152.4572232753816
943.6746732389761	152.7523972657196
947.3182047956636	153.04700197001205
950.9617363523511	153.34104066946176
954.6052679114101	153.63451661387217
958.2487994680977	153.92743302206665
961.8923310247851	154.21979308230013
965.5358625814727	154.51159995266408
969.1793941381601	154.80285676148475
972.8229256948475	155.093566607714
976.4664572539067	155.38373256131433
980.1099888082225	155.6733576636372
983.7535203625384	155.9624449277946
987.3970519239691	156.25099733902502
991.0405834806566	156.53901785505317
994.6841150373441	156.8265094064435
998.3276465940315	157.11347489694816
1001.9711781507191	157.39991720384927
1005.6147097097781	157.68583917829548
1009.258241264094	157.9712436456329
1012.9017728207815	158.2561334057311
1016.5453043798406	158.54051123330342
1020.188835936528	158.82437987822226
1023.8323674932155	159.10774206582943
1027.475899049903	159.39060049724122
1031.119430604219	159.67295784964904
1034.7629621609065	159.9548167766149
1038.4064937199655	160.2361799083625
1042.0500252766528	160.51704985206322
1045.6935568333404	160.7974291921186
1049.337088390028	161.0773204904373
1052.9806199467155	161.35672628670827
1056.6241515057745	161.63564909866992
1060.2676830600903	161.91409142237433
1063.911214616778	162.19205573244838
1067.554746175837	162.46954448234996
1071.1982777325243	162.7465601046208
1074.8418092868403	163.02310501113516
1078.4853408435276	163.29918159334494
1082.1288724002152	163.57479222252095
1085.772403961646	163.8499392499904
1089.4159355159618	164.12462500737115
1093.0594670726493	164.398851806802
1096.7029986317084	164.67262194117
1100.3465301883957	164.94593768433387
1103.9900617450833	165.21880129134456
1107.6335933017708	165.49121499866223
1111.2771248584584	165.76318102437006
1114.9206564127742	166.03470156838526
1118.5641879742047	166.30577881266603
1122.2077195285208	166.5764149214169
1125.851251085208	166.84661204128986
1129.4947826418957	167.11637230158314
1133.1383141985832	167.38569781443692
1136.7818457552708	167.65459067502633
1140.4253773143298	167.92305296175175
1144.0689088686456	168.1910867364259
1147.7124404277047	168.45869404445884
1151.3559719843922	168.72587691504003
1154.999503538708	168.9926373613179
1158.643035097767	169.2589773805766
1162.2865666520831	169.52489895441082
1165.9300982111422	169.79040404889741
1169.5736297678295	170.0554946147653
1173.217161324517	170.32017258756267
1176.8606928812046	170.58443988782147
1180.5042244402637	170.84829842122056
1184.1477559945795	171.1117500787456
1187.7912875560103	171.37479673684734
1191.434819110326	171.63744025759763
1195.0783506670136	171.899682488843
1198.721882223701	172.16152526435656
1202.3654137803885	172.42297040398748
1206.008945337076	172.6840197138084
1209.652476896135	172.94467498626153
1213.296008450451	173.20493800030147
1216.9395400071385	173.46481052153757
1220.583071563826	173.72429430237318
1224.2266031205133	173.98339108214392
1227.870134677201	174.2421025872532
1231.5136662338884	174.50043053130707
1235.1571977929475	174.75837661524605
1238.8007293496348	175.0159425274761
1242.4442609039509	175.27312994399765
1246.0877924606384	175.52994052853242
1249.731324022069	175.78637593264946
1253.3748555763848	176.0424377958889
1257.0183871307008	176.2981277458841
1260.6619186921314	176.55344739848246
1264.305450248819	176.80839835786466
1267.9489818055065	177.06298221666216
1271.5925133621938	177.3172005560732
1275.2360449188814	177.5710549459774
1278.8795764779404	177.82454694504912
1282.523108034628	178.0776781008687
1286.1666395889438	178.3304499500331
1289.8101711480028	178.58286401826442
1293.4537027023187	178.83492182051737
1297.0972342590062	179.08662486108562
1300.7407658180653	179.33797463370627
1304.3842973723813	179.5889726216633
1308.0278289290686	179.83962029788978
1311.6713604881277	180.08991912506877
1315.3148920424437	180.33987055573283
1318.9584236038743	180.58947603236217
1322.6019551581903	180.83873698748224
1326.2454867125061	181.08765484375905
1329.8890182739367	181.33623101409458
1333.5325498282527	181.5844669017196
1337.1760813825686	181.8323639002869
1340.8196129439991	182.07992339396182
1344.4631445006867	182.3271467575129
1348.1066760573742	182.57403535640086
1351.7502076164333	182.82059054686633
1355.393739170749	183.0668136760172
1359.0372707298081	183.3127060819142
1362.6808022864957	183.55826909365564
1366.3243338431832	183.8035040314617
1369.9678653998706	184.04841220675667
1373.6113969541866	184.29299492225104
1377.254928510874	184.53725347202254
1380.8984600699332	184.78118914159566
1384.541991624249	185.02480320802073
1388.185523183308	185.268096939952
1391.8290547399956	185.51107159772462
1395.4725862943114	185.7537284334308
1399.1161178533705	185.99606869099514
1402.759649410058	186.23809360624924
1406.4031809667456	186.47980440700462
1410.0467125258047	186.72120231312607
1413.690244082492	186.96228853660304
1417.333775636808	187.20306428162084
1420.977307195867	187.44353074463066
1424.6208387525544	187.68368911441914
1428.2643703068704	187.9235405721769
1431.9079018659295	188.1630862915658
1435.551433422617	188.40232743878693
1439.1949649793044	188.64126517264603
1442.838496535992	188.87990064461917
1446.482028095051	189.1182349989177
1450.1255596517385	189.35626937255208
1453.7690912084258	189.59400489539516
1457.4126227627419	189.83144269024504
1461.0561543241724	190.06858387288636
1464.6996858761167	190.30542955215205
1468.3432174328043	190.54198082998337
1471.9867489918634	190.77823880149015
1475.630280548551	191.0142045550096
1479.2738121052382	191.24987917216498
1482.9173436619258	191.4852637279233
1486.5608752186133	191.72035929065277
1490.2044067776724	191.95516692217913
1493.84793833436	192.1896876778416
1497.4914698886757	192.42392260654842
1501.1350014477348	192.65787275083153
1504.7785330044223	192.89153914690047
1508.4220645611097	193.12492282469628
1512.0655961177972	193.35802480794416
1515.7091276721133	193.590846114206
1519.3526592311723	193.82338775493233
1522.9961907902314	194.05565073551318
1526.6397223445472	194.28763605532941
1530.2832539036062	194.51934470780222
1533.9267854626653	194.75077768044326
1537.5703170169813	194.98193595490346
1541.2138485736687	195.21282050702186
1544.8573801279847	195.44343230687335
1548.5009116870438	195.67377231881653
1552.144443243731	195.90384150154048
1555.7879748027901	196.13364080811155
1559.4315063571062	196.3631711860195
1563.0750379185367	196.59243357722247
1566.7185694728528	196.82142891819294
1570.3621010271686	197.05015813996175
1574.0056325838561	197.27862216816243
1577.6491641429152	197.5068219230749
1581.292695697231	197.73475831966886
1584.9362272539186	197.96243226764648
1588.5797588129776	198.18984467148454
1592.223290369665	198.41699643047673
1595.8668219287242	198.64388843877495
1599.51035348304	198.87052158543034
1603.153885042099	199.09689675443406
1606.7974165940434	199.32301482475737
1610.440948155474	199.54887667039142
1614.0844797121615	199.77448316038695
1617.7280112664773	199.99983515889295
1621.3715428231649	200.22493352519567
1625.015074382224	200.44977911375622
1628.658605941283	200.67437277424918
1632.3021374979705	200.8987153515994
1635.9456690522863	201.12280768601963
1639.5892006066024	201.34665061304665
1643.232732168033	201.57024496357815
1646.8762637223488	201.7935915639086
1650.519795281408	202.01669123576454
1654.163326840467	202.23954479634017
1657.8068583924114	202.46215305833212
1661.450389953842	202.68451682997437
1665.0939215105295	202.90663691507189
1668.73745307196	203.12851411303498
1672.3809846191612	203.3501492189128
1676.024516180592	203.57154302342641
1679.6680477325363	203.7926963130019
1683.3115792939668	204.01360986980274
1686.9551108506544	204.23428447176227
1690.598642407342	204.4547208926156
1694.2421739592862	204.67491990193136
1697.8857055207168	204.8948822651426
1701.529237072661	205.11460874357857
1705.1727686340919	205.33410009449472
1708.8163001907792	205.55335707110356
1712.4598317474668	205.77238042260498
1716.1033633041543	205.99117089421557
1719.7468948608416	206.20972922719855
1723.3904264175292	206.42805615889333
1727.03395797896	206.6461524227438
1730.677489530904	206.8640187483278
1734.3210210923348	207.08165586138517
1737.9645526490224	207.29906448384614
1741.6080842009667	207.51624533385925
1745.2516157623973	207.73319912581886
1748.8951473190848	207.9499265703928
1752.5386788757721	208.16642837454938
1756.1822104277164	208.38270524158443
1759.8257419891472	208.59875787114768
1763.4692735458348	208.81458695926958
1767.112805097779	209.03019319838702
1770.7563366592096	209.24557727736962
1774.3998682158972	209.46073988154512
1778.0433997725845	209.67568169272502
1781.686931329272	209.89040338922973
1785.3304628812164	210.1049056459136
1788.9739944473902	210.31918913418934
1792.6175259993345	210.53325452205303
1796.2610575607653	210.74710247410803
1799.9045891079663	210.9607336515894
1803.548120669397	211.1741487123874
1807.1916522260844	211.3873483110712
1810.8351837875152	211.60033309891267
1814.4787153394595	211.81310372390902
1818.12224690089	212.02566083080626
1821.7657784575777	212.23800506112178
