id	x	y	color
1	-2.363645897752477e-16	1.474439470664364e-16	0.28661038789984533
2	1.0503408703229193	0.60639079547056	0.2690023889466662
3	1.0503202686600182	-0.6064264785974249	0.2690023889466662
4	-2.060166290100176e-5	-1.2128172740679848	0.2690023889466662
5	-1.0503408703229193	-0.6063907954705599	0.2690023889466662
6	-1.0503202686600184	0.6064264785974254	0.2690023889466662
7	2.0601662901202536e-5	1.212817274067985	0.2690023889466662
8	1.1455075965005455	1.983999526688302	0.00026654730954247385
9	2.1334368101128645	1.2316919972587346	0.29138708262896457
10	2.290947789458644	-3.8915453375605595e-5	0.00026654730954247385
11	2.1333949643204897	-1.2317644762972109	0.29138708262896457
12	1.145440192958099	-1.9840384421416777	0.00026654730954247385
13	-4.1845792374953164e-5	-2.4634564735559454	0.29138708262896457
14	-1.145507596500545	-1.983999526688302	0.00026654730954247385
15	-2.1334368101128645	-1.231691997258735	0.29138708262896457
16	-2.290947789458644	3.891545337535714e-5	0.00026654730954247385
17	-2.1333949643204897	1.2317644762972106	0.29138708262896457
18	-1.1454401929580993	1.9840384421416777	0.00026654730954247385
19	4.184579237500269e-5	2.463456473555946	0.29138708262896457